1790103638
3485166450
484977085
3282334804
1041986218
188172005
3821800764
2355558902
415911143
2243386017
2692964195
668186470
3995734266
1633148740
602701999
1383769706
1156731593
2863426378
801811798
2640690316
2412611312
610612551
1387656868
798756723
2405514553
229147452
1915785743
2505022244
471930176
2269808601
4286414127
445424297
3990872826
2271557369
2512980267
413421364
3328472141
2935695022
2024005010
813644573
1595742438
2186207256
401163055
2375181139
4158103717
3536212811
1781587354
2954475279
919598521
517329205
3189007692
2798165917
2688566130
110542192
3348826743
3032647402
2440799151
1366615311
2286574383
318491826
990848321
2799874669
2109531185
2120883216
3854548790
883181244
4003588865
2629350359
3352828269
3150699064
2277403142
679876110
1171604601
2055878248
740387272
3642597537
4122545840
2229922059
2807239120
3643268638
4246902903
2916016089
4014580169
1715563099
4202171518
1643481609
1218173217
3283566528
3654760326
2769706901
1593925317
1120411965
1076738978
574991210
3783560100
1003119636
2728106823
2986007569
4214937150
49773379
607577414
2089857117
339411279
107307944
16707505
4190946036
110703113
2427276469
3828480864
3249323477
3887998189
596088099
2256917631
1368879959
816210112
1403811127
3715209118
492073732
311947829
528963749
204285021
3298276852
1024832657
3257583775
2606775992
3031547079
1236204648
911543618
2184290374
3361028614
1794021164
408931507
3205131124
3139975940
3593956364
2356760334
2867811443
1150187950
2098256789
1873234223
2981405548
3705565619
366854050
1460580353
4244993089
2481844240
4257982061
1928305699
2738851712
486552370
3740455989
25507582
2326478877
2553294486
4224975725
3282014310
3726632699
538521086
201470733
2271808273
340471469
2069644150
809952243
3849542339
2470493875
1525395814
3991171956
1300137314
3400798021
273857601
2560570493
328089766
3489552681
3909783511
3993127739
2161220938
2242678933
4266448534
3943371774
2572395624
1375572283
119542517
576532899
785313203
2071808377
3374256309
706982852
2002267336
1438516061
3725939201
1938007201
1385256397
262031064
3176566248
2051124465
2581117422
2528988021
3533600325
555411315
2872852666
3666318231
3709894487
1630226682
67299738
3207860113
3531986932
2680055627
4205315540
798518028
3119211546
380376346
2935928173
851771141
1255602665
2489332878
138043959
3536667787
3098060495
1421601027
3114168555
1668280493
1172936409
1254844242
97094359
2546885455
1980309194
3288911229
2789107721
2908337907
1112394892
406118173
4251579540
928507053
1610774308
172335537
2198518320
1668359077
3203412694
605156129
2062005937
1067081375
2631255207
442849437
1863503570
2213640257
3786020613
3138004789
4074628657
2000998419
429177396
4195537257
631192744
2444552818
1577154585
211767038
2083794931
2029979281
2495726990
3549951992
909353415
3884661317
2360499864
1370265293
3771056216
3318147673
2276452187
1188975485
317998329
2138980108
815637633
1245400618
951237
3580698204
470136675
3825983734
4280610687
2737736659
3425654038
1789083755
2999136391
810541901
1419489336
2794466981
3021874263
1286548248
3749719625
594523349
853892195
876654728
3680551297
4042204836
223083610
4196889305
2812355530
282566722
3170674160
1012234519
3040516261
700402231
172396804
1828970004
2751585972
3632199573
2073855415
4076785575
946294114
647469360
3710530890
756244178
339511020
3145564470
436727052
96252734
604020810
2537126772
1672527504
3273417431
1508492052
1715817088
1278708817
4097871640
1076847320
1759333579
2366331984
666773376
2817233934
819891836
370920714
1532830363
2357490677
1656799471
3407626482
3680990082
1376227458
3860856572
986449557
690499765
2896472590
1684799023
2268995938
2777998840
2624944770
2490990286
1166304110
2895389528
953051036
962972608
2750161736
2164801565
2109447954
874373241
2705647437
3624576272
3624709137
1903677972
1677024740
4254925178
1486916748
3178038622
2985077641
4149320143
1564860879
3165905695
2822767781
3724877622
2796340067
432587466
3043840940
3203169052
828173293
265161911
252730605
377234364
686169921
2950761316
1331564557
1250634107
3893651703
3816075250
2232147867
2265077679
3916886168
1492909223
1494004899
2547916415
4068898773
4213622656
832969657
2842847378
3898157632
1411835822
849105353
2054179180
4139795185
3859378455
2962018393
4265208807
2450860006
990876781
2883991077
1451200844
1070808613
3719249293
1007543866
1188110808
3863592737
1481870851
969156751
1153031299
2367334762
3387356933
4091363386
2925597332
2865870082
625149278
120450635
3888828276
3833126573
1591063377
3002305376
1419703551
1873346964
3959944179
887176987
2869858191
2255305956
1122973172
3804320823
1598568142
4046939101
1045877107
923832034
505311652
2343405774
2646459007
2115483357
1609346129
604974690
1711265180
258244141
2196754701
2623134521
396278165
3043980052
1545561472
781509267
2478321571
481153182
2627906360
4219957778
623618266
2585521910
978613864
3898211195
287972909
3622816627
2440473484
4246576930
1212677347
1659623836
1062208551
2852102842
700573440
2964484929
673107238
1013729412
3007670037
809611631
2444596794
3023631581
4191935913
2370890421
1874385835
606351320
1771564441
3634301033
1419682569
3600279248
1925478911
342144131
479211072
3026065437
4110857933
2780706553
1557725746
1894318818
2910642625
3767879164
628309209
3512071878
1538036480
1791621574
2734487826
3858494610
2010469207
1805144976
210791133
3848315968
221724791
20528803
892843546
850046122
2147484139
2555739044
3857023690
1176898131
1565182558
2198340281
1069077362
1652563170
2149436696
1917435223
775889268
1697368002
1972511225
2586030810
3682946109
90710149
2246942456
911953765
2591152639
2627846418
870452173
96315360
1123229256
1530842593
728488290
3324561248
2577424182
1092700276
55788041
283765074
3708262968
1164450161
3555906458
463141556
979036796
2066935934
2234681237
477227257
2021798334
3930795966
1023563864
2622623190
2901889575
709076655
1965901201
2653784599
2948388250
117725252
112237986
44726447
2714490571
243039107
2864715080
3986644892
1530148450
948873022
1044701249
3998871695
616979250
1138144749
2529834371
1788157893
3377866754
3838787619
320955393
2052362398
451661917
3246738007
1350621882
368738270
1353179188
1981896585
1119587004
253450794
103450568
2949783551
1392163175
4097393988
3760617559
1204871305
2339063195
2258617740
3377222776
510949488
1848760162
1780328011
1126081162
4001502074
3981972851
4158259392
643053637
3367023926
3800930380
2856228845
1564047179
3163211177
3805945305
3021838811
1909530682
2195026020
1644802060
1195964836
2171662397
4206225372
2416227652
558768018
541052066
356320887
1186366605
4269617792
3995254248
3617899879
2826611913
3385548009
187206432
1704040363
1192966470
2573977223
2374201188
674548944
2943916664
1140220238
518811268
2097557444
560466618
3553640800
1420936572
3851504788
166071372
3698170875
1493794774
263101233
396749802
1982680010
3725608643
2710722730
2036659797
3532738603
2614035114
2124274581
1120370616
4106912466
3670578555
1542268372
1377577252
2910474056
1230107591
4006501425
2514282889
2792119169
888274063
3726795568
1049449707
128201808
4112980196
4118025611
1358828791
1785755807
1635003967
2526179540
532987942
1760851550
462307856
56073043
1437616832
549609345
932036813
523280958
4116866141
1457240945
1778221420
1411236010
3440012013
3452530180
1445908854
1601418324
3575230763
4100824157
1780402879
998926600
2496918881
2623759858
2436327664
2854044800
922135338
1665697741
1716620449
3690310000
3365851492
20404114
1858044696
3704068114
3175365664
2361716466
360354801
1883005240
3660750299
1777626583
3018911888
3095962229
3437205080
2743356088
4275939694
420128755
1027919526
943488747
745438180
4129184451
4260371360
1952864370
1124262237
210260041
3424645124
1533996935
3698027730
2311492998
3065062954
394173530
2155722637
84465361
667342210
885328144
813032377
997736433
694491968
3820526436
894628155
1522994305
2397176770
2802701271
2193002686
785362776
885757975
2201189304
2255287264
872440514
3798303881
1918329077
233878332
3210908915
757861040
1619421670
4066166310
1546184766
2389559040
3290953170
396889814
195217720
3470059822
1515328588
2933617419
56314257
3356594829
948395856
812459579
267416541
3294366750
2921359965
4225591551
967938049
3257044731
2867678170
1517360489
1636321061
3847439251
1940844655
2337828548
184469196
559204299
1108518300
2226783973
1112345383
2689514259
4239098504
82856974
4010990096
1738726313
3028305208
978001532
2552865848
2002734196
181337102
3209174190
1542962882
2576968525
430999123
4238659476
3446918468
3524901085
3887393702
4245181528
4279376536
2877679044
896210737
266847964
1519591725
2899905171
2398435979
4254000124
2717750348
2189038007
3844663797
263180650
1123194862
3433136474
2528896404
1254658283
3307550535
2672361092
1910995328
2521557720
1031915017
575169465
55070029
282933461
40901793
3088786985
44018329
3935596840
372781368
2157310339
3711881710
470401822
2044772402
4226178045
2231735920
2584254640
1086974144
1591362364
403974708
518869911
3440626120
4180002430
710733508
1686533284
1348297902
933816911
3155461338
47674063
3929774307
1616798091
3125825311
3603219238
556324184
3502221196
3559614422
47818220
339595125
2603679830
2169468247
322469428
1616088112
305446374
1596243042
4251078161
2669577787
1334219216
3590727657
1051008671
4171943691
3733778750
2964234413
284082095
205908571
3430624162
2169736128
4171849713
1412365362
3152900203
2601523627
4292369163
491087849
3247606594
3843490526
3227635476
2429241163
3099047508
3369074631
2807747269
2688134753
3426395057
1369870097
123610775
695067362
614020844
1748349712
2424755504
3213070731
3174317326
3670810850
726038868
3009165015
4117546077
2725735730
4248986301
3337832579
663065090
1387455613
4166898091
3104342702
1950747670
3195619515
3165288578
2646672837
1184352152
1235948865
149417154
4017057891
3044833907
4139921330
1839674378
1748619183
3516286746
1096637514
1145572403
3078395501
4178632943
3541016896
3084208671
236637919
2954296050
1935031479
2655578710
3296773053
2443422820
3008210026
586058033
139989177
1846193121
1625790719
797070835
35172755
3143497582
2879117517
2321743506
3121564456
435554682
3718347020
600703013
3870407073
246419641
1290307542
1250256900
2494835886
2855610504
3600913657
1871978325
1171846740
2282098132
4019497529
437468846
3345636465
2693069174
630091924
579856744
1742781679
3871982805
1584271224
2169316936
3078863447
129224237
1094631780
3450588212
2340954993
1374111663
1448486871
2739806298
3520770776
2373977551
3200725899
1929363453
2279763672
3400894496
196081582
4246145486
4055607167
1001148153
1937868005
2151932423
626122735
107417362
386383892
516547344
2223673279
920500394
1581027294
2138236325
3284440265
749001539
2879150025
1698355690
3295193595
1164092835
2654241054
2791752553
727135063
4212038310
2867949584
743045872
2997087223
93363108
3306996331